$ANSIBLE_VAULT;1.1;AES256
30383965396236313032373063633330363536663562623266323235363465386531646531346665
3236326536373033613730626464386165353261633530330a313763646363613735373663633563
61313635643636653533613638333530666337323462313661643266353334643764333239623832
3233353061346664640a376332373266343865653566613332373638383464633061353163666266
34323364623062326330633737613565646439373063303065616139643137653164323132666264
35363461663061363734383631323535646162663936393262356234343237653861313838333834
32326366383835353362396138313939386165663631353436646338303263373731636239616266
37666134656662396337366262616363326339646364393566313765393432663239396334353031
31376566343566386439653935306634366365383463626239346239303135626632376332313731
39343033393439313765343564663733336661663132623835326233353137343038343438353038
65646165323736646231656161333639643161363534323737396264306132653064323234396361
62373064396531646635626463303137336238356530313164623466643366303737656331653562
38616436333563363766383236363331396336313631633630616363303839363131383535663566
64663836336432616665666461316639643236343039353334316232613837306639653535383261
61316464326266376331373062633132323236626534616239633835333736653735376534633764
66663931393266636663643235346132643364393931313865396361376265626231303465326535
32646238366434363866666466653135623864653366333732353463396635376332306366643933
61663063656435316538623266646130303230336564313533333537306236303063343135643333
37646366336336663266346630643133333563643162326561303866366639666439623939303463
34396561386338326335333431313262346130363532366464616364663234316130643936366136
35643130313036303864666565323137393430633435666163363362643363383531336430653965
32396462323631353462353461393236323237633861383731636637623466306138666630616166
30396635366233623164336232313236306466653330323463333936633434326538333639653432
31623765633533383337
